
# iter = 1000
0 0
0.005 9.66581e-11
0.01 1.93316e-10
0.015 3.05549e-10
0.02 4.17782e-10
0.025 5.63404e-10
0.03 7.09025e-10
0.035 9.10608e-10
0.04 1.11219e-09
0.045 1.40017e-09
0.05 1.68814e-09
0.055 2.1049e-09
0.06 2.52165e-09
0.065 3.12702e-09
0.07 3.73238e-09
0.075 4.6112e-09
0.08 5.49e-09
0.085 6.76254e-09
0.09 8.03506e-09
0.095 9.87144e-09
0.1 1.17078e-08
0.105 1.43477e-08
0.11 1.69876e-08
0.115 2.07677e-08
0.12 2.45477e-08
0.125 2.99384e-08
0.13 3.53289e-08
0.135 4.2985e-08
0.14 5.06409e-08
0.145 6.14701e-08
0.15 7.22989e-08
0.155 8.75533e-08
0.16 1.02807e-07
0.165 1.24207e-07
0.17 1.45606e-07
0.175 1.75505e-07
0.18 2.05402e-07
0.185 2.47003e-07
0.19 2.88602e-07
0.195 3.46249e-07
0.2 4.03893e-07
0.205 4.83447e-07
0.21 5.62999e-07
0.215 6.72339e-07
0.22 7.81675e-07
0.225 9.31338e-07
0.23 1.081e-06
0.235 1.28502e-06
0.24 1.48903e-06
0.245 1.76602e-06
0.25 2.043e-06
0.255 2.41751e-06
0.26 2.79202e-06
0.265 3.29634e-06
0.27 3.80064e-06
0.275 4.477e-06
0.28 5.15333e-06
0.285 6.05671e-06
0.29 6.96006e-06
0.295 8.16175e-06
0.3 9.36341e-06
0.305 1.09554e-05
0.31 1.25474e-05
0.315 1.4648e-05
0.32 1.67485e-05
0.325 1.95088e-05
0.33 2.22691e-05
0.335 2.58817e-05
0.34 2.94941e-05
0.345 3.42029e-05
0.35 3.89115e-05
0.355 4.50242e-05
0.36 5.11367e-05
0.365 5.90399e-05
0.37 6.69427e-05
0.375 7.71193e-05
0.38 8.72955e-05
0.385 0.000100346
0.39 0.000113397
0.395 0.000130066
0.4 0.000146735
0.405 0.00016794
0.41 0.000189145
0.415 0.000216011
0.42 0.000242876
0.425 0.000276777
0.43 0.000310676
0.435 0.000353281
0.44 0.000395884
0.445 0.000449211
0.45 0.000502536
0.455 0.000569015
0.46 0.000635491
0.465 0.000718031
0.47 0.000800567
0.475 0.000902635
0.48 0.0010047
0.485 0.00113041
0.49 0.00125611
0.495 0.00141031
0.5 0.00156451
0.505 0.0017529
0.51 0.00194128
0.515 0.00217051
0.52 0.00239973
0.525 0.00267754
0.53 0.00295533
0.535 0.00329065
0.54 0.00362596
0.545 0.00402907
0.55 0.00443217
0.555 0.00491484
0.56 0.00539749
0.565 0.00597309
0.57 0.00654867
0.575 0.00723234
0.58 0.00791598
0.585 0.00872476
0.59 0.0095335
0.595 0.0104864
0.6 0.0114393
0.605 0.0125576
0.61 0.0136758
0.615 0.0149829
0.62 0.0162898
0.625 0.0178114
0.63 0.0193329
0.635 0.0210971
0.64 0.0228611
0.645 0.0248984
0.65 0.0269356
0.655 0.0292789
0.66 0.031622
0.665 0.0343064
0.67 0.0369906
0.675 0.0400534
0.68 0.0431161
0.685 0.0465968
0.69 0.0500773
0.695 0.054017
0.7 0.0579565
0.705 0.0623979
0.71 0.0668391
0.715 0.0718261
0.72 0.0768128
0.725 0.08239
0.73 0.0879668
0.735 0.0941791
0.74 0.100391
0.745 0.107283
0.75 0.114175
0.755 0.12179
0.76 0.129405
0.765 0.137787
0.77 0.146168
0.775 0.155355
0.78 0.164542
0.785 0.174573
0.79 0.184603
0.795 0.195511
0.8 0.206418
0.805 0.218233
0.81 0.230046
0.815 0.24279
0.82 0.255534
0.825 0.269227
0.83 0.282919
0.835 0.297574
0.84 0.312226
0.845 0.327846
0.85 0.343464
0.855 0.360045
0.86 0.376626
0.865 0.394159
0.87 0.41169
0.875 0.430156
0.88 0.448619
0.885 0.467988
0.89 0.487354
0.895 0.50759
0.9 0.527823
0.905 0.54888
0.91 0.569934
0.915 0.591757
0.92 0.613578
0.925 0.636105
0.93 0.65863
0.935 0.681791
0.94 0.704949
0.945 0.728666
0.95 0.75238
0.955 0.77657
0.96 0.800756
0.965 0.825329
0.97 0.849897
0.975 0.874759
0.98 0.899616
0.985 0.924669
0.99 0.949717
0.995 0.974861
0.995 1

# iter = 2000
0 0
0.005 1.62365e-06
0.01 3.24729e-06
0.015 4.93301e-06
0.02 6.61871e-06
0.025 8.43041e-06
0.03 1.02421e-05
0.035 1.22474e-05
0.04 1.42527e-05
0.045 1.6525e-05
0.05 1.87973e-05
0.055 2.14179e-05
0.06 2.40383e-05
0.065 2.70982e-05
0.07 3.0158e-05
0.075 3.3761e-05
0.08 3.73639e-05
0.085 4.16287e-05
0.09 4.58934e-05
0.095 5.0957e-05
0.1 5.60203e-05
0.105 6.20409e-05
0.11 6.80612e-05
0.115 7.5222e-05
0.12 8.23825e-05
0.125 9.08958e-05
0.13 9.94087e-05
0.135 0.00010952
0.14 0.000119632
0.145 0.000131627
0.15 0.000143621
0.155 0.000157828
0.16 0.000172034
0.165 0.000188832
0.17 0.000205629
0.175 0.000225456
0.18 0.000245282
0.185 0.00026864
0.19 0.000291996
0.195 0.000319462
0.2 0.000346925
0.205 0.000379157
0.21 0.000411387
0.215 0.000449138
0.22 0.000486887
0.225 0.000531016
0.23 0.000575142
0.235 0.000626622
0.24 0.0006781
0.245 0.000738037
0.25 0.000797971
0.255 0.000867615
0.26 0.000937256
0.265 0.00101802
0.27 0.00109877
0.275 0.00119224
0.28 0.0012857
0.285 0.00139365
0.29 0.00150159
0.295 0.00162602
0.3 0.00175044
0.305 0.00189358
0.31 0.00203671
0.315 0.00220104
0.32 0.00236536
0.325 0.00255363
0.33 0.0027419
0.335 0.00295719
0.34 0.00317246
0.345 0.00341813
0.35 0.00366379
0.355 0.00394358
0.36 0.00422335
0.365 0.00454136
0.37 0.00485934
0.375 0.00522005
0.38 0.00558074
0.385 0.00598907
0.39 0.00639738
0.395 0.0068587
0.4 0.00731999
0.405 0.00784013
0.41 0.00836023
0.415 0.00894551
0.42 0.00953074
0.425 0.010188
0.43 0.0108452
0.435 0.0115818
0.44 0.0123184
0.445 0.0131422
0.45 0.0139661
0.455 0.0148857
0.46 0.0158053
0.465 0.0168298
0.47 0.0178542
0.475 0.0189932
0.48 0.0201322
0.485 0.021396
0.49 0.0226597
0.495 0.0240591
0.5 0.0254584
0.505 0.027005
0.51 0.0285514
0.515 0.030257
0.52 0.0319625
0.525 0.03384
0.53 0.0357172
0.535 0.0377795
0.54 0.0398416
0.545 0.0421025
0.55 0.0443632
0.555 0.0468368
0.56 0.0493102
0.565 0.0520111
0.57 0.0547118
0.575 0.0576551
0.58 0.0605981
0.585 0.0637989
0.59 0.0669995
0.595 0.0704736
0.6 0.0739474
0.605 0.0777105
0.61 0.0814732
0.615 0.0855412
0.62 0.0896087
0.625 0.0939974
0.63 0.0983857
0.635 0.103111
0.64 0.107836
0.645 0.112913
0.65 0.11799
0.655 0.123435
0.66 0.12888
0.665 0.134707
0.67 0.140534
0.675 0.146759
0.68 0.152982
0.685 0.159617
0.69 0.166251
0.695 0.17331
0.7 0.180367
0.705 0.187861
0.71 0.195354
0.715 0.203294
0.72 0.211233
0.725 0.21963
0.73 0.228025
0.735 0.236886
0.74 0.245746
0.745 0.255078
0.75 0.264409
0.755 0.274218
0.76 0.284026
0.765 0.294316
0.77 0.304605
0.775 0.315377
0.78 0.326148
0.785 0.337404
0.79 0.348657
0.795 0.360393
0.8 0.372127
0.805 0.384339
0.81 0.396549
0.815 0.409232
0.82 0.421913
0.825 0.435058
0.83 0.448201
0.835 0.461797
0.84 0.475392
0.845 0.489427
0.85 0.50346
0.855 0.51792
0.86 0.532377
0.865 0.547244
0.87 0.562107
0.875 0.577361
0.88 0.592613
0.885 0.608233
0.89 0.62385
0.895 0.639814
0.9 0.655774
0.905 0.672054
0.91 0.688332
0.915 0.704903
0.92 0.721471
0.925 0.738303
0.93 0.755132
0.935 0.772196
0.94 0.789256
0.945 0.80652
0.95 0.823779
0.955 0.841209
0.96 0.858634
0.965 0.876197
0.97 0.893754
0.975 0.911414
0.98 0.929069
0.985 0.946791
0.99 0.964509
0.995 0.982257
0.995 1

# iter = 5000
0 0
0.005 0.000418005
0.01 0.000836008
0.015 0.00125635
0.02 0.00167669
0.025 0.00210172
0.03 0.00252673
0.035 0.0029588
0.04 0.00339085
0.045 0.00383231
0.05 0.00427376
0.055 0.00472702
0.06 0.00518025
0.065 0.00564771
0.07 0.00611514
0.075 0.00659925
0.08 0.00708332
0.085 0.00758655
0.09 0.00808974
0.095 0.0086146
0.1 0.00913942
0.105 0.00968848
0.11 0.0102375
0.115 0.0108133
0.12 0.0113891
0.125 0.0119944
0.13 0.0125997
0.135 0.0132372
0.14 0.0138745
0.145 0.0145469
0.15 0.0152193
0.155 0.0159294
0.16 0.0166395
0.165 0.0173902
0.17 0.0181409
0.175 0.0189353
0.18 0.0197296
0.185 0.0205706
0.19 0.0214114
0.195 0.0223021
0.2 0.0231927
0.205 0.0241363
0.21 0.0250797
0.215 0.0260794
0.22 0.0270789
0.225 0.028138
0.23 0.0291969
0.235 0.0303188
0.24 0.0314405
0.245 0.0326286
0.25 0.0338165
0.255 0.0350743
0.26 0.0363319
0.265 0.0376631
0.27 0.038994
0.275 0.0404022
0.28 0.0418101
0.285 0.0432989
0.29 0.0447875
0.295 0.0463608
0.3 0.0479339
0.305 0.0495955
0.31 0.0512568
0.315 0.0530106
0.32 0.0547641
0.325 0.056614
0.33 0.0584636
0.335 0.0604136
0.34 0.0623633
0.345 0.0644174
0.35 0.0664712
0.355 0.0686335
0.36 0.0707954
0.365 0.0730699
0.37 0.075344
0.375 0.0777348
0.38 0.0801252
0.385 0.0826363
0.39 0.0851471
0.395 0.0877827
0.4 0.0904179
0.405 0.0931821
0.41 0.0959459
0.415 0.0988427
0.42 0.101739
0.425 0.104772
0.43 0.107805
0.435 0.110979
0.44 0.114153
0.445 0.117472
0.45 0.12079
0.455 0.124257
0.46 0.127723
0.465 0.131342
0.47 0.134961
0.475 0.138736
0.48 0.142511
0.485 0.146445
0.49 0.150379
0.495 0.154477
0.5 0.158574
0.505 0.162838
0.51 0.167102
0.515 0.171535
0.52 0.175968
0.525 0.180574
0.53 0.18518
0.535 0.189962
0.54 0.194743
0.545 0.199703
0.55 0.204662
0.555 0.209803
0.56 0.214944
0.565 0.220268
0.57 0.225591
0.575 0.2311
0.58 0.236609
0.585 0.242305
0.59 0.248001
0.595 0.253886
0.6 0.25977
0.605 0.265846
0.61 0.27192
0.615 0.278186
0.62 0.284452
0.625 0.29091
0.63 0.297368
0.635 0.304019
0.64 0.310669
0.645 0.317513
0.65 0.324355
0.655 0.331392
0.66 0.338427
0.665 0.345656
0.67 0.352883
0.675 0.360304
0.68 0.367722
0.685 0.375333
0.69 0.382942
0.695 0.390742
0.7 0.39854
0.705 0.406528
0.71 0.414513
0.715 0.422685
0.72 0.430856
0.725 0.439211
0.73 0.447564
0.735 0.456099
0.74 0.464631
0.745 0.473343
0.75 0.482052
0.755 0.490937
0.76 0.499819
0.765 0.508873
0.77 0.517924
0.775 0.527143
0.78 0.536359
0.785 0.545738
0.79 0.555115
0.795 0.564649
0.8 0.57418
0.805 0.583865
0.81 0.593546
0.815 0.603375
0.82 0.613201
0.825 0.623168
0.83 0.633132
0.835 0.643231
0.84 0.653327
0.845 0.663551
0.85 0.673773
0.855 0.684116
0.86 0.694455
0.865 0.70491
0.87 0.715361
0.875 0.725919
0.88 0.736474
0.885 0.747129
0.89 0.757779
0.895 0.768522
0.9 0.779261
0.905 0.790084
0.91 0.800903
0.915 0.811797
0.92 0.822688
0.925 0.833645
0.93 0.844598
0.935 0.85561
0.94 0.866618
0.945 0.877675
0.95 0.888728
0.955 0.899821
0.96 0.91091
0.965 0.922031
0.97 0.933147
0.975 0.944286
0.98 0.95542
0.985 0.966568
0.99 0.977711
0.995 0.988858
0.995 1

# iter = 10000
0 0
0.005 0.00219775
0.01 0.00439549
0.015 0.00659586
0.02 0.0087962
0.025 0.0110018
0.03 0.0132074
0.035 0.0154208
0.04 0.0176342
0.045 0.0198581
0.05 0.0220819
0.055 0.0243188
0.06 0.0265556
0.065 0.0288082
0.07 0.0310606
0.075 0.0333313
0.08 0.0356019
0.085 0.0378934
0.09 0.0401848
0.095 0.0424996
0.1 0.0448142
0.105 0.0471548
0.11 0.0494952
0.115 0.0518643
0.12 0.054233
0.125 0.0566328
0.13 0.0590324
0.135 0.0614655
0.14 0.0638984
0.145 0.0663673
0.15 0.0688359
0.155 0.0713429
0.16 0.0738497
0.165 0.0763973
0.17 0.0789446
0.175 0.0815351
0.18 0.0841253
0.185 0.0867611
0.19 0.0893965
0.195 0.0920798
0.2 0.0947627
0.205 0.0974959
0.21 0.100229
0.215 0.103014
0.22 0.105798
0.225 0.108638
0.23 0.111477
0.235 0.114372
0.24 0.117268
0.245 0.120222
0.25 0.123175
0.255 0.12619
0.26 0.129204
0.265 0.132281
0.27 0.135358
0.275 0.138499
0.28 0.14164
0.285 0.144848
0.29 0.148055
0.295 0.151331
0.3 0.154606
0.305 0.157952
0.31 0.161298
0.315 0.164715
0.32 0.168132
0.325 0.171623
0.33 0.175113
0.335 0.178679
0.34 0.182244
0.345 0.185887
0.35 0.189528
0.355 0.193248
0.36 0.196968
0.365 0.200767
0.37 0.204566
0.375 0.208447
0.38 0.212326
0.385 0.216288
0.39 0.220249
0.395 0.224295
0.4 0.228339
0.405 0.232468
0.41 0.236597
0.415 0.240812
0.42 0.245025
0.425 0.249326
0.43 0.253626
0.435 0.258014
0.44 0.262401
0.445 0.266876
0.45 0.271351
0.455 0.275915
0.46 0.280478
0.465 0.285132
0.47 0.289783
0.475 0.294526
0.48 0.299268
0.485 0.304101
0.49 0.308933
0.495 0.313856
0.5 0.318778
0.505 0.323792
0.51 0.328804
0.515 0.333909
0.52 0.339012
0.525 0.344208
0.53 0.349401
0.535 0.354688
0.54 0.359972
0.545 0.365349
0.55 0.370724
0.555 0.376192
0.56 0.381657
0.565 0.387214
0.57 0.39277
0.575 0.398417
0.58 0.404062
0.585 0.409797
0.59 0.415531
0.595 0.421356
0.6 0.427178
0.605 0.43309
0.61 0.439
0.615 0.444999
0.62 0.450995
0.625 0.45708
0.63 0.463162
0.635 0.469332
0.64 0.475499
0.645 0.481752
0.65 0.488003
0.655 0.494339
0.66 0.500672
0.665 0.507089
0.67 0.513503
0.675 0.519999
0.68 0.526493
0.685 0.533068
0.69 0.53964
0.695 0.546291
0.7 0.552939
0.705 0.559665
0.71 0.566388
0.715 0.573187
0.72 0.579983
0.725 0.586853
0.73 0.59372
0.735 0.600659
0.74 0.607595
0.745 0.614601
0.75 0.621604
0.755 0.628674
0.76 0.635742
0.765 0.642875
0.77 0.650005
0.775 0.657198
0.78 0.664388
0.785 0.67164
0.79 0.678887
0.795 0.686193
0.8 0.693496
0.805 0.700855
0.81 0.708211
0.815 0.71562
0.82 0.723025
0.825 0.730481
0.83 0.737934
0.835 0.745434
0.84 0.752931
0.845 0.760473
0.85 0.768012
0.855 0.775593
0.86 0.78317
0.865 0.790786
0.87 0.798399
0.875 0.806048
0.88 0.813694
0.885 0.821373
0.89 0.829048
0.895 0.836753
0.9 0.844454
0.905 0.852183
0.91 0.859907
0.915 0.867656
0.92 0.875401
0.925 0.883166
0.93 0.890928
0.935 0.898707
0.94 0.906482
0.945 0.914271
0.95 0.922056
0.955 0.929852
0.96 0.937644
0.965 0.945444
0.97 0.953239
0.975 0.96104
0.98 0.968835
0.985 0.976632
0.99 0.984424
0.995 0.992215
0.995 1
