0.02 1 -0.02
0.04 0.9996 -0.04
0.06 0.9988 -0.059992
0.08 0.9976 -0.079968
0.1 0.996001 -0.09992
0.12 0.994002 -0.11984
0.14 0.991606 -0.13972
0.16 0.988811 -0.159552
0.18 0.98562 -0.179328
0.2 0.982034 -0.199041
0.22 0.978053 -0.218681
0.24 0.973679 -0.238243
0.26 0.968914 -0.257716
0.28 0.96376 -0.277094
0.3 0.958218 -0.29637
0.32 0.952291 -0.315534
0.34 0.94598 -0.33458
0.36 0.939288 -0.353499
0.38 0.932218 -0.372285
0.4 0.924773 -0.39093
0.42 0.916954 -0.409425
0.44 0.908766 -0.427764
0.46 0.90021 -0.445939
0.48 0.891292 -0.463944
0.5 0.882013 -0.481769
0.52 0.872377 -0.49941
0.54 0.862389 -0.516857
0.56 0.852052 -0.534105
0.58 0.84137 -0.551146
0.6 0.830347 -0.567973
0.62 0.818987 -0.58458
0.64 0.807296 -0.60096
0.66 0.795277 -0.617106
0.68 0.782935 -0.633012
0.7 0.770274 -0.64867
0.72 0.757301 -0.664076
0.74 0.744019 -0.679222
0.76 0.730435 -0.694102
0.78 0.716553 -0.708711
0.8 0.702379 -0.723042
0.82 0.687918 -0.737089
0.84 0.673176 -0.750848
0.86 0.658159 -0.764311
0.88 0.642873 -0.777475
0.9 0.627323 -0.790332
0.92 0.611517 -0.802878
0.94 0.595459 -0.815109
0.96 0.579157 -0.827018
0.98 0.562617 -0.838601
1 0.545845 -0.849853